Using hamming distance
Expanded nodes : 90965
Explored nodes : 157076
Steps:

* 8 5 

6 3 4 

2 1 7 


6 8 5 

* 3 4 

2 1 7 


6 8 5 

3 * 4 

2 1 7 


6 8 5 

3 4 * 

2 1 7 


6 8 * 

3 4 5 

2 1 7 


6 * 8 

3 4 5 

2 1 7 


* 6 8 

3 4 5 

2 1 7 


3 6 8 

* 4 5 

2 1 7 


3 6 8 

2 4 5 

* 1 7 


3 6 8 

2 4 5 

1 * 7 


3 6 8 

2 4 5 

1 7 * 


3 6 8 

2 4 * 

1 7 5 


3 6 * 

2 4 8 

1 7 5 


3 * 6 

2 4 8 

1 7 5 


* 3 6 

2 4 8 

1 7 5 


2 3 6 

* 4 8 

1 7 5 


2 3 6 

1 4 8 

* 7 5 


2 3 6 

1 4 8 

7 * 5 


2 3 6 

1 4 8 

7 5 * 


2 3 6 

1 4 * 

7 5 8 


2 3 * 

1 4 6 

7 5 8 


2 * 3 

1 4 6 

7 5 8 


* 2 3 

1 4 6 

7 5 8 


1 2 3 

* 4 6 

7 5 8 


1 2 3 

4 * 6 

7 5 8 


1 2 3 

4 5 6 

7 * 8 


1 2 3 

4 5 6 

7 8 * 

Cost = 26


Using manhattan distance
Expanded nodes : 3063
Explored nodes : 5095
Steps:

* 8 5 

6 3 4 

2 1 7 


8 * 5 

6 3 4 

2 1 7 


8 3 5 

6 * 4 

2 1 7 


8 3 5 

* 6 4 

2 1 7 


8 3 5 

2 6 4 

* 1 7 


8 3 5 

2 6 4 

1 * 7 


8 3 5 

2 * 4 

1 6 7 


8 3 5 

2 4 * 

1 6 7 


8 3 5 

2 4 7 

1 6 * 


8 3 5 

2 4 7 

1 * 6 


8 3 5 

2 * 7 

1 4 6 


8 3 5 

2 7 * 

1 4 6 


8 3 * 

2 7 5 

1 4 6 


8 * 3 

2 7 5 

1 4 6 


* 8 3 

2 7 5 

1 4 6 


2 8 3 

* 7 5 

1 4 6 


2 8 3 

1 7 5 

* 4 6 


2 8 3 

1 7 5 

4 * 6 


2 8 3 

1 * 5 

4 7 6 


2 * 3 

1 8 5 

4 7 6 


* 2 3 

1 8 5 

4 7 6 


1 2 3 

* 8 5 

4 7 6 


1 2 3 

4 8 5 

* 7 6 


1 2 3 

4 8 5 

7 * 6 


1 2 3 

4 * 5 

7 8 6 


1 2 3 

4 5 * 

7 8 6 


1 2 3 

4 5 6 

7 8 * 

Cost = 26


Using linear conflict
Expanded nodes : 2466
Explored nodes : 4125
Steps:

* 8 5 

6 3 4 

2 1 7 


8 * 5 

6 3 4 

2 1 7 


8 3 5 

6 * 4 

2 1 7 


8 3 5 

* 6 4 

2 1 7 


8 3 5 

2 6 4 

* 1 7 


8 3 5 

2 6 4 

1 * 7 


8 3 5 

2 * 4 

1 6 7 


8 3 5 

2 4 * 

1 6 7 


8 3 5 

2 4 7 

1 6 * 


8 3 5 

2 4 7 

1 * 6 


8 3 5 

2 * 7 

1 4 6 


8 3 5 

2 7 * 

1 4 6 


8 3 * 

2 7 5 

1 4 6 


8 * 3 

2 7 5 

1 4 6 


* 8 3 

2 7 5 

1 4 6 


2 8 3 

* 7 5 

1 4 6 


2 8 3 

1 7 5 

* 4 6 


2 8 3 

1 7 5 

4 * 6 


2 8 3 

1 * 5 

4 7 6 


2 * 3 

1 8 5 

4 7 6 


* 2 3 

1 8 5 

4 7 6 


1 2 3 

* 8 5 

4 7 6 


1 2 3 

4 8 5 

* 7 6 


1 2 3 

4 8 5 

7 * 6 


1 2 3 

4 * 5 

7 8 6 


1 2 3 

4 5 * 

7 8 6 


1 2 3 

4 5 6 

7 8 * 

Cost = 26



Using hamming distance
Expanded nodes : 12098
Explored nodes : 20882
Steps:

* 8 6 

5 3 1 

2 4 7 


8 * 6 

5 3 1 

2 4 7 


8 3 6 

5 * 1 

2 4 7 


8 3 6 

5 1 * 

2 4 7 


8 3 * 

5 1 6 

2 4 7 


8 * 3 

5 1 6 

2 4 7 


8 1 3 

5 * 6 

2 4 7 


8 1 3 

* 5 6 

2 4 7 


8 1 3 

2 5 6 

* 4 7 


8 1 3 

2 5 6 

4 * 7 


8 1 3 

2 5 6 

4 7 * 


8 1 3 

2 5 * 

4 7 6 


8 1 3 

2 * 5 

4 7 6 


8 1 3 

* 2 5 

4 7 6 


* 1 3 

8 2 5 

4 7 6 


1 * 3 

8 2 5 

4 7 6 


1 2 3 

8 * 5 

4 7 6 


1 2 3 

* 8 5 

4 7 6 


1 2 3 

4 8 5 

* 7 6 


1 2 3 

4 8 5 

7 * 6 


1 2 3 

4 * 5 

7 8 6 


1 2 3 

4 5 * 

7 8 6 


1 2 3 

4 5 6 

7 8 * 

Cost = 22


Using manhattan distance
Expanded nodes : 700
Explored nodes : 1167
Steps:

* 8 6 

5 3 1 

2 4 7 


8 * 6 

5 3 1 

2 4 7 


8 3 6 

5 * 1 

2 4 7 


8 3 6 

5 1 * 

2 4 7 


8 3 * 

5 1 6 

2 4 7 


8 * 3 

5 1 6 

2 4 7 


8 1 3 

5 * 6 

2 4 7 


8 1 3 

* 5 6 

2 4 7 


8 1 3 

2 5 6 

* 4 7 


8 1 3 

2 5 6 

4 * 7 


8 1 3 

2 5 6 

4 7 * 


8 1 3 

2 5 * 

4 7 6 


8 1 3 

2 * 5 

4 7 6 


8 1 3 

* 2 5 

4 7 6 


* 1 3 

8 2 5 

4 7 6 


1 * 3 

8 2 5 

4 7 6 


1 2 3 

8 * 5 

4 7 6 


1 2 3 

* 8 5 

4 7 6 


1 2 3 

4 8 5 

* 7 6 


1 2 3 

4 8 5 

7 * 6 


1 2 3 

4 * 5 

7 8 6 


1 2 3 

4 5 * 

7 8 6 


1 2 3 

4 5 6 

7 8 * 

Cost = 22


Using linear conflict
Expanded nodes : 617
Explored nodes : 1021
Steps:

* 8 6 

5 3 1 

2 4 7 


8 * 6 

5 3 1 

2 4 7 


8 3 6 

5 * 1 

2 4 7 


8 3 6 

5 1 * 

2 4 7 


8 3 * 

5 1 6 

2 4 7 


8 * 3 

5 1 6 

2 4 7 


8 1 3 

5 * 6 

2 4 7 


8 1 3 

* 5 6 

2 4 7 


8 1 3 

2 5 6 

* 4 7 


8 1 3 

2 5 6 

4 * 7 


8 1 3 

2 5 6 

4 7 * 


8 1 3 

2 5 * 

4 7 6 


8 1 3 

2 * 5 

4 7 6 


8 1 3 

* 2 5 

4 7 6 


* 1 3 

8 2 5 

4 7 6 


1 * 3 

8 2 5 

4 7 6 


1 2 3 

8 * 5 

4 7 6 


1 2 3 

* 8 5 

4 7 6 


1 2 3 

4 8 5 

* 7 6 


1 2 3 

4 8 5 

7 * 6 


1 2 3 

4 * 5 

7 8 6 


1 2 3 

4 5 * 

7 8 6 


1 2 3 

4 5 6 

7 8 * 

Cost = 22